0.607799026052 -0.251184983651 0 1
0.98042125688 -0.255532974051 0 1
0.684948956511 0.729054818487 0 1
0.79163422458 0.592893324485 0 1
0.31705476654 -0.666281173434 0 1
0.409029617177 0.421888034795 0 1
0.879855003654 0.215264265073 0 1
0.784026912125 -0.498414439422 0 1
0.968200761977 -0.0261821005511 0 1
-0.94703220305 -0.890767763674 0 1
0.952153634941 -0.561420064439 0 1
0.652544142068 -0.332101049563 0 1
0.916616929606 -0.113150781228 0 1
0.765561888035 -0.219377125758 0 1
-0.887933730045 -0.786014465337 0 1
-0.607046274924 -0.811666216828 0 1
0.07206070198 -0.733290651483 0 1
0.206095720907 -0.623780050659 0 1
-0.109836099045 -0.726810204587 0 1
0.634796128176 -0.65214219918 0 1
-0.303735991592 -0.686198593229 0 1
0.879935459091 -0.574009425164 0 1
0.44822544655 -0.593966256653 0 1
0.00269985921086 -0.54059848248 0 1
0.182792767573 -0.74904253527 0 1
-0.339138201876 -0.822755689749 0 1
-0.408837748218 -0.822958276401 0 1
-0.790725253762 -0.899876509708 0 1
0.180758750169 -0.679966325053 0 1
0.702213596494 -0.595709162438 0 1
0.758149102974 -0.649545175378 0 1
-0.461932942435 -0.824504994777 0 1
-0.926313493137 -0.764003767957 0 1
0.537333703103 -0.579525227959 0 1
0.98425623089 -0.589370821749 0 1
-0.199092654986 -0.681972105907 0 1
0.122070268193 -0.712577808407 0 1
0.880161480286 -0.531054126101 0 1
0.313123785551 -0.638671109214 0 1
-0.593924854414 -0.828714390411 0 1
0.477108987576 -0.6569493947 0 1
0.965594446054 -0.628691239586 0 1
-0.954192927402 -0.865967356646 0 1
0.797138922492 -0.615252561905 0 1
-0.421185353642 -0.833727466989 0 1
0.950147958117 -0.440927291443 0 1
-0.906095156776 -0.918027634168 0 1
0.933365095148 -0.540670395813 0 1
0.941035855596 -0.58611723153 0 1
-0.552230714226 -0.815091879066 0 1
0.509964161301 -0.581930722132 0 1
0.605909790007 -0.645429283297 0 1
-0.745943989408 -0.859323044481 0 1
-0.254397584979 -0.634256736352 0 1
0.281225530505 -0.636064044121 0 1
-0.876314564352 -0.91036619485 0 1
0.433982946194 -0.698392099326 0 1
0.309712889798 -0.562722136887 0 1
-0.423224264895 -0.731374372894 0 1
0.406108071166 -0.593210549821 0 1
-0.623940205728 -0.751603376562 0 1
-0.803872966661 -0.832633474092 0 1
-0.15505758009 -0.802081966916 0 1
0.905129873618 -0.604444367206 0 1
-0.0957613564184 -0.785867194819 0 1
-0.449004591449 -0.685940103599 0 1
0.546289906691 -0.632562442887 0 1
0.644444751791 -0.665937399103 0 1
-0.394958956434 -0.793262225142 0 1
0.375989566848 -0.721518642683 0 1
-0.400969589537 -0.8269167634 0 1
-0.0834656717224 -0.66011450986 0 1
0.648223363807 -0.651789809657 0 1
0.126705692196 -0.743389399885 0 1
-0.497698845132 -0.770000890572 0 1
0.723693229943 -0.656878415184 0 1
-0.976098363198 -0.712490852149 0 1
-0.144746023254 -0.800251779359 0 1
-0.00071955335528 -0.71665933966 0 1
0.473210248139 -0.611208867548 0 1
-0.56698891078 -0.814351808935 0 1
-0.670093887471 -0.846463167609 0 1
-0.758321195141 -0.813356732862 0 1
-0.00150572691677 -0.752504680086 0 1
0.525906837166 -0.617182324033 0 1
0.708240457725 -0.536548967416 0 1
0.102104169577 -0.748480317746 0 1
0.966999011265 -0.581432955664 0 1
-0.141609412219 -0.707474911265 0 1
-0.584307206239 -0.801710894273 0 1
0.206020259268 -0.689215638226 0 1
0.254498905621 -0.67306773565 0 1
0.883913120483 -0.556512107087 0 1
0.0185054917566 -0.71134647019 0 1
-0.95381060688 -0.864088976614 0 1
-0.214795771069 -0.808288448193 0 1
-0.705467596385 -0.886477267986 0 1
0.874675896181 -0.576380148237 0 1
-0.54562263074 -0.850637839127 0 1
-0.0660985491493 -0.767403319278 0 1
0.401839721069 -0.692334721469 0 1
-0.483888506004 -0.805513009141 0 1
-0.384515241124 -0.817857215571 0 1
0.624332957387 -0.664250397631 0 1
0.131849805777 -0.745859305702 0 1
-0.0500030223427 -0.758778489303 0 1
0.893436035727 -0.613782764667 0 1
0.0195358386108 -0.747363288918 0 1
-0.564276678014 -0.830869770565 0 1
0.272458624859 -0.689090659061 0 1
