0.697611819271 -0.7095536713 1 0
0.0259149067983 -0.883033948245 1 0
0.497384279443 -0.782971149114 1 0
0.354444974558 -0.929244076706 1 0
0.377406618591 -0.800276304143 1 0
0.17222069029 -0.784095458549 1 0
0.393918422585 -0.927807637459 1 0
-0.259789232699 -0.984678184215 1 0
0.838670258341 -0.687648570741 1 0
-0.0714434291156 -0.996248033184 1 0
0.858491420876 -0.799240710562 1 0
0.559274397268 -0.715735275285 1 0
-0.75922699377 -0.935373845625 1 0
0.809236485985 -0.776347730277 1 0
-0.629276896567 -0.998088595997 1 0
-0.556589721846 -0.953438567393 1 0
0.716685566133 -0.789826856729 1 0
0.90478975785 -0.727499263706 1 0
-0.1208386596 -0.826834918146 1 0
-0.564220619459 -0.869631139651 1 0
0.85492976986 -0.858085078909 1 0
0.281675188347 -0.838341024977 1 0
-0.464001425527 -0.941769675392 1 0
0.220361444684 -0.989967755514 1 0
-0.701322219677 -0.933953882701 1 0
-0.200079943144 -0.853784438755 1 0
0.549760072853 -0.867100331375 1 0
0.0155262403416 -0.827935547676 1 0
0.311065098386 -0.837320388733 1 0
-0.36593729367 -0.90577748039 1 0
0.99543904291 -0.642942914417 1 0
-0.207892637005 -0.879439089567 1 0
-0.0845160388999 -0.794602062524 1 0
0.0967216221178 -0.792036944419 1 0
0.943738670617 -0.702444992031 1 0
-0.728628563622 -0.959713308671 1 0
0.924786909981 -0.681793830394 1 0
0.956352213853 -0.898402937764 1 0
-0.502322549021 -0.86676336286 1 0
0.729441671954 -0.738481142286 1 0
0.857016517521 -0.658608920914 1 0
0.230166907738 -0.885122856547 1 0
0.0410822880154 -0.994945282812 1 0
-0.394511469109 -0.888577299585 1 0
0.648326702129 -0.746090941654 1 0
-0.732774248109 -0.942827105332 1 0
-0.0915173579066 -0.796520115458 1 0
0.531980986245 -0.719397124089 1 0
-0.659261291155 -0.884204374969 1 0
0.782730129063 -0.663164474294 1 0
0.580438184052 -0.715784161208 1 0
0.662100921068 -0.685220634707 1 0
-0.480767124197 -0.958286610768 1 0
-0.481756240762 -0.878415586671 1 0
-0.966675007223 -0.938502139146 1 0
-0.0230239103644 -0.802898497327 1 0
-0.103976348101 -0.917612982161 1 0
-0.479304859006 -0.890617031166 1 0
-0.227807832528 -0.881509787929 1 0
-0.0494116309103 -0.8566640692 1 0
0.791538132434 -0.736382546225 1 0
0.326673447109 -0.758733982568 1 0
0.477976071156 -0.748578673086 1 0
-0.925293198409 -0.966952980047 1 0
0.471664909189 -0.735198158374 1 0
0.168058700399 -0.762886048877 1 0
-0.589670280856 -0.904964818549 1 0
0.994948749788 -0.641779939708 1 0
0.615724019167 -0.694190982036 1 0
-0.0380087076751 -0.872230279459 1 0
-0.636327656384 -0.88426641544 1 0
0.460968953094 -0.776145849383 1 0
-0.206953526288 -0.813549774209 1 0
-0.645861923208 -0.906690650062 1 0
-0.938679023149 -0.932061982782 1 0
-0.505398619543 -0.904166170592 1 0
0.0938546604022 -0.795504785669 1 0
0.620561987131 -0.73895193349 1 0
0.494890425416 -0.718543742497 1 0
-0.408443394601 -0.865518532114 1 0
0.328439541688 -0.805791804459 1 0
0.234096578394 -0.820420416617 1 0
0.607559703423 -0.749799075373 1 0
-0.194062479497 -0.814088980772 1 0
-0.929089984255 -0.95268347293 1 0
0.615974266544 -0.758881335057 1 0
0.25462354764 -0.761761596038 1 0
0.901866715084 -0.824814571259 1 0
-0.926048510728 -0.930750600965 1 0
0.0419907855053 -0.802922577462 1 0
-0.111150578807 -0.872849039265 1 0
-0.283797895193 -0.873679737487 1 0
0.334376669214 -0.827548853228 1 0
-0.648960852257 -0.898294747986 1 0
0.382043300332 -0.76406307127 1 0
-0.085621024268 -0.877233416842 1 0
0.495308571059 -0.727634144933 1 0
0.869709159184 -0.664000823993 1 0
-0.495910375873 -0.889851462192 1 0
-0.128357023248 -0.851747992802 1 0
0.329979869643 -0.801394710948 1 0
0.433665743577 -0.747067368015 1 0
