-0.658904595095 -0.997089578461 1 1
0.671398084501 -0.987519423878 1 1
-0.653455379974 -0.989102534738 1 1
0.352112700759 -0.797353349093 1 1
0.253675550099 -0.819480343889 1 1
0.221627500472 -0.772319133114 1 1
-0.17298362934 -0.857015695878 1 1
0.48204130663 -0.822032361902 1 1
0.241410575328 -0.912111590065 1 1
-0.43056817888 -0.959898133201 1 1
0.953596301006 -0.794873972625 1 1
-0.336152759309 -0.887547142155 1 1
-0.470963721684 -0.95079626047 1 1
0.924788594231 -0.749584383444 1 1
0.845654754436 -0.673657787996 1 1
-0.299307260816 -0.947847523623 1 1
0.971093951913 -0.799114056945 1 1
0.913922839083 -0.64232981619 1 1
0.761985231848 -0.786581213967 1 1
-0.255294418618 -0.831080072326 1 1
0.871621459669 -0.901018386047 1 1
-0.93667102888 -0.988945214223 1 1
0.734419768641 -0.760215646992 1 1
0.0341910360987 -0.96598868376 1 1
-0.368413660524 -0.980858744559 1 1
0.849042759919 -0.810850880715 1 1
0.614407172799 -0.862955065986 1 1
0.0311090147188 -0.918403154648 1 1
0.97020707749 -0.730245266562 1 1
0.877366863312 -0.907593881563 1 1
-0.859154377145 -0.93462855845 1 1
-0.256316072488 -0.956766959014 1 1
0.743337736017 -0.855505221222 1 1
0.337000987396 -0.953220044222 1 1
0.18803817299 -0.835956062893 1 1
0.0559912734497 -0.790283845191 1 1
0.972423977884 -0.668438025626 1 1
0.370569800928 -0.812106157227 1 1
0.248907475271 -0.855433862967 1 1
0.915229682303 -0.642833212336 1 1
0.343694104548 -0.803963721181 1 1
-0.89242432267 -0.921493112713 1 1
0.822933763337 -0.906321586365 1 1
-0.0957677403206 -0.949066935254 1 1
0.945640764847 -0.804564335172 1 1
0.460186708028 -0.775028640846 1 1
0.318568964456 -0.986322700293 1 1
0.0252924948076 -0.782433797037 1 1
-0.534095534703 -0.991314492664 1 1
0.632584753212 -0.961469249893 1 1
0.105461776458 -0.806541447132 1 1
-0.0123959423724 -0.967502017776 1 1
0.930379486282 -0.991165338665 1 1
0.883112271343 -0.67236036906 1 1
0.701798694558 -0.681358597835 1 1
-0.00367470015919 -0.968927148531 1 1
-0.585159878083 -0.991494027867 1 1
0.419645226558 -0.785137876279 1 1
0.876566146853 -0.704819015525 1 1
-0.597465653033 -0.912499972335 1 1
0.584450031456 -0.984585279492 1 1
0.471554102261 -0.735571591149 1 1
0.139197641266 -0.991158890555 1 1
-0.18142287894 -0.83664167869 1 1
-0.00541245407747 -0.835457853202 1 1
0.699017561308 -0.941548043631 1 1
0.553512861965 -0.815571174105 1 1
0.167044951835 -0.945557772915 1 1
0.155761800384 -0.989465111056 1 1
0.920170681356 -0.932750190096 1 1
0.355254949486 -0.947990004574 1 1
0.584981453943 -0.968278762401 1 1
0.509089716962 -0.966317094495 1 1
0.108777669479 -0.909066727849 1 1
0.66201143007 -0.952573545414 1 1
-0.514829042421 -0.965778272725 1 1
-0.15902263343 -0.964715198526 1 1
0.455010361851 -0.777870321394 1 1
-0.34061220827 -0.84980883193 1 1
0.069747355413 -0.81043417474 1 1
0.85066525584 -0.671115314929 1 1
-0.817542821379 -0.992241373635 1 1
-0.635604257978 -0.966376862186 1 1
-0.550964043612 -0.996440546238 1 1
0.567014580811 -0.711596471967 1 1
0.934795044889 -0.981538600517 1 1
-0.104695089341 -0.97332995158 1 1
0.136877173429 -0.875839765077 1 1
-0.918099081622 -0.968702049067 1 1
0.398877509638 -0.846369008448 1 1
-0.27893440112 -0.890206135724 1 1
-0.451640843832 -0.965360787477 1 1
0.242370984959 -0.790430527099 1 1
0.786902495531 -0.919166887548 1 1
-0.769778150864 -0.961497277872 1 1
0.360108965432 -0.831983449632 1 1
0.731122321018 -0.860287787548 1 1
0.633730669846 -0.940807922863 1 1
0.0450845298821 -0.860542104663 1 1
0.393272179389 -0.922391505497 1 1
-0.907460376386 -0.994486538937 1 1
0.479649041259 -0.984831281811 1 1
-0.0923999311333 -0.84246467419 1 1
-0.473479191886 -0.880995351724 1 1
0.40493080721 -0.849973576033 1 1
-0.0673768529906 -0.863351425182 1 1
-0.336907105454 -0.91904596369 1 1
0.393145429071 -0.833475206623 1 1
0.870330803573 -0.717172020344 1 1
-0.768849080462 -0.974335605803 1 1
-0.567375080988 -0.983448668984 1 1
0.1362870296 -0.764832466455 1 1
0.808448353459 -0.656964041912 1 1
0.678898241407 -0.958065221319 1 1
-0.281243029216 -0.953687836983 1 1
-0.585522622347 -0.93846800137 1 1
0.61650922457 -0.908382517959 1 1
0.841626170161 -0.839704726834 1 1
0.743032075048 -0.883244517278 1 1
0.809178407894 -0.911622163103 1 1
0.935401614275 -0.923498090731 1 1
-0.0113559094019 -0.876795853746 1 1
0.979977180444 -0.857683594724 1 1
0.857928378772 -0.873285768603 1 1
0.378070294229 -0.94358232302 1 1
0.64520298361 -0.814205633096 1 1
0.797263222186 -0.968857716419 1 1
0.467731888945 -0.754849275914 1 1
0.392715302691 -0.883034531984 1 1
0.0202127731099 -0.983721062427 1 1
0.591001230804 -0.937934345484 1 1
0.601607811507 -0.898517021762 1 1
0.948405972568 -0.632650084388 1 1
0.244000464266 -0.836936294184 1 1
0.282117092255 -0.91813894269 1 1
0.608855084869 -0.816262480571 1 1
-0.920659473043 -0.987774308743 1 1
-0.184968428394 -0.990241208208 1 1
-0.0849384725514 -0.863495952602 1 1
-0.0796328860643 -0.975476514966 1 1
0.906810754336 -0.967191832644 1 1
-0.482505182763 -0.996013395879 1 1
0.824439756214 -0.884430643389 1 1
-0.349836647021 -0.996458488083 1 1
0.807946962406 -0.782951565123 1 1
-0.420405341126 -0.869909659447 1 1
0.575481731404 -0.926513764853 1 1
0.566991535069 -0.842002067923 1 1
-0.0104657072789 -0.866260808459 1 1
-0.405052149113 -0.954794891873 1 1
-0.562059473408 -0.904591383682 1 1
0.7371227063 -0.955036246937 1 1
0.00126595181076 -0.923890747931 1 1
-0.0598402590586 -0.95279586428 1 1
-0.239050799288 -0.941945026546 1 1
-0.305966289615 -0.949357528483 1 1
0.362177158761 -0.871038830904 1 1
-0.949266554275 -0.992598338743 1 1
0.142218692572 -0.933622862396 1 1
0.662467109221 -0.788987941077 1 1
0.141425074086 -0.850262869864 1 1
0.185724866143 -0.915704049277 1 1
0.0814007524969 -0.852838522396 1 1
0.364367669642 -0.835848789047 1 1
0.687068471462 -0.953844196074 1 1
0.51512439582 -0.885435358612 1 1
0.154593633753 -0.788950745869 1 1
-0.132344006466 -0.963064276572 1 1
0.257553934436 -0.932403673465 1 1
0.907702137241 -0.962134945588 1 1
-0.134788475023 -0.853027883894 1 1
0.867756901938 -0.8277525626 1 1
0.851429859092 -0.705594997147 1 1
0.78188197326 -0.834387787165 1 1
0.911880595254 -0.783691028427 1 1
0.0276661892454 -0.791984340144 1 1
-0.240801879769 -0.962199825007 1 1
0.768274590455 -0.990686237431 1 1
0.28440483151 -0.929098018329 1 1
0.647806477552 -0.944776594381 1 1
0.525404948528 -0.957166697302 1 1
0.942889872718 -0.655770448276 1 1
0.980790257005 -0.951933228997 1 1
0.8498678768 -0.983083963338 1 1
0.512465761928 -0.82784569611 1 1
-0.0490243446837 -0.999421082512 1 1
0.892668115444 -0.687924802421 1 1
0.499286015312 -0.909740180092 1 1
0.77474504738 -0.957599738489 1 1
0.136903698475 -0.782439692344 1 1
0.269774786212 -0.828796646369 1 1
0.833483026302 -0.87266071657 1 1
0.456105178496 -0.985461392795 1 1
-0.761027774587 -0.933548839281 1 1
-0.250491141735 -0.992678859527 1 1
0.858129753252 -0.870281752736 1 1
-0.389130329834 -0.993140877414 1 1
0.605637320661 -0.968973620272 1 1
0.534568059467 -0.945435655441 1 1
0.780269791429 -0.779794169529 1 1
0.224901942918 -0.859150180843 1 1
0.745410907136 -0.796565576208 1 1
0.686173536775 -0.885743044153 1 1
0.403296192878 -0.821747904123 1 1
-0.240693951413 -0.903247641391 1 1
0.681235200647 -0.797261267165 1 1
-0.227543574417 -0.866937169156 1 1
-0.587539505123 -0.991660456481 1 1
0.0849131626199 -0.994639096162 1 1
0.481701091966 -0.953332405222 1 1
0.816550138629 -0.817235907794 1 1
0.831066989528 -0.763977825288 1 1
0.690001270326 -0.918250064094 1 1
0.733141715269 -0.890270818155 1 1
-0.466847958547 -0.85689474862 1 1
0.828404031627 -0.723669488989 1 1
0.809227070796 -0.662953337177 1 1
0.31064266296 -0.987293182326 1 1
0.546628201565 -0.850017906356 1 1
-0.453440139806 -0.954119544524 1 1
-0.394722811824 -0.982546766853 1 1
0.485248212213 -0.861815427109 1 1
-0.230587402008 -0.978218695374 1 1
0.429850449323 -0.823083159346 1 1
0.847907406138 -0.986135614346 1 1
0.30779655462 -0.792282635579 1 1
-0.807684427305 -0.987007542858 1 1
-0.407934181417 -0.908634670884 1 1
-0.0858964848791 -0.948366086861 1 1
0.703032778176 -0.965332050385 1 1
0.97441199231 -0.90050209807 1 1
0.178717304544 -0.812870904101 1 1
0.55768153229 -0.817155681132 1 1
0.496308882823 -0.906087175627 1 1
-0.0277623833838 -0.975976021824 1 1
0.677199360639 -0.805317441992 1 1
0.0400030480262 -0.8959650377 1 1
-0.532399211495 -0.929531425616 1 1
0.533335873296 -0.723652993328 1 1
-0.452073220468 -0.88255732602 1 1
-0.64025959848 -0.923232576313 1 1
0.65918677983 -0.814565973064 1 1
0.816791519325 -0.929413221137 1 1
0.868524486554 -0.688719760149 1 1
0.776245800827 -0.978893634941 1 1
0.905606155401 -0.951111470525 1 1
0.311243386248 -0.773284673726 1 1
0.310938779468 -0.880194555606 1 1
-0.320002200066 -0.918478140351 1 1
-0.0384162311741 -0.93543263735 1 1
0.721295363845 -0.890700207896 1 1
-0.414743211006 -0.944506509103 1 1
0.892923608639 -0.984102874735 1 1
0.640121921542 -0.843792691948 1 1
0.890476622029 -0.941135447165 1 1
-0.255386223366 -0.92124532075 1 1
0.0807081962929 -0.788366122569 1 1
0.476218372911 -0.885458623788 1 1
-0.821054848471 -0.920886196207 1 1
0.777328682072 -0.851493161743 1 1
0.720818080164 -0.733615670098 1 1
0.909018356119 -0.682214692136 1 1
0.855102025037 -0.821457175196 1 1
0.360230786201 -0.921499731419 1 1
0.993614617948 -0.872733996897 1 1
0.0670594750191 -0.949933411374 1 1
-0.0697512235763 -0.902499497876 1 1
-0.913890226292 -0.943351166173 1 1
-0.853504807115 -0.943899319763 1 1
0.291956605049 -0.966978338469 1 1
-0.136974396311 -0.960102345999 1 1
0.0751203339363 -0.780674573815 1 1
0.869498883197 -0.947891492154 1 1
0.283863761946 -0.94109175783 1 1
0.379806450573 -0.859888585371 1 1
-0.370992499623 -0.974252738945 1 1
0.913101182954 -0.865639073277 1 1
-0.130738365678 -0.877423420275 1 1
0.210781924314 -0.764241778432 1 1
-0.106330689922 -0.870650753417 1 1
0.487792261913 -0.892520667225 1 1
0.215971867257 -0.879208623342 1 1
0.848673281851 -0.777918009148 1 1
-0.761919388266 -0.946884572013 1 1
0.178407381131 -0.783980964615 1 1
0.506784079771 -0.930504894872 1 1
0.525306497184 -0.986315210011 1 1
0.0061249577937 -0.898492326325 1 1
0.554046227837 -0.955843849444 1 1
-0.89034695014 -0.922879203673 1 1
-0.0303271943654 -0.874930263832 1 1
0.964769276337 -0.905513202583 1 1
0.349791861699 -0.954972565211 1 1
0.144797583355 -0.987323431788 1 1
0.517477053935 -0.963462518491 1 1
0.970877138502 -0.913940453526 1 1
-0.394514558806 -0.897571158897 1 1
0.524038127936 -0.711633390385 1 1
0.483685662395 -0.979292330036 1 1
-0.323098621529 -0.954176375984 1 1
0.707244696428 -0.685655109558 1 1
0.714785146057 -0.790771009047 1 1
0.804750353745 -0.913572961712 1 1
-0.692037121671 -0.963481677376 1 1
-0.444135262419 -0.902095325751 1 1
0.364559845162 -0.938699532261 1 1
-0.314654775685 -0.973654789508 1 1
-0.639993962308 -0.897426393597 1 1
0.605659401675 -0.989959298913 1 1
0.32562214176 -0.935997855741 1 1
-0.244856894073 -0.867778748616 1 1
0.201674992587 -0.893623208588 1 1
0.29703735081 -0.98612204512 1 1
0.717597347352 -0.678465143678 1 1
-0.364806195302 -0.989270124132 1 1
-0.518296089405 -0.941527269892 1 1
-0.740132851669 -0.959598003546 1 1
0.299178426296 -0.957036355395 1 1
0.955336753979 -0.683912326777 1 1
0.869758929788 -0.855274989231 1 1
0.630409818068 -0.775549633798 1 1
0.335617834986 -0.965927005707 1 1
-0.40559092053 -0.933954075049 1 1
0.284383725956 -0.914527818257 1 1
0.072214156874 -0.870541256164 1 1
0.485853011814 -0.881027592232 1 1
0.280825068889 -0.936401860214 1 1
-0.087120328276 -0.912382197943 1 1
0.638334332155 -0.971893892513 1 1
-0.493111951611 -0.903011155897 1 1
-0.0859400520167 -0.968660410682 1 1
0.939139792752 -0.879617975982 1 1
0.803435973604 -0.783804031346 1 1
0.491536078186 -0.953362675598 1 1
-0.697720593204 -0.896723227414 1 1
-0.284818102798 -0.988328780892 1 1
-0.010016983753 -0.839943143076 1 1
0.89653846186 -0.743084333603 1 1
0.118030402778 -0.891613381742 1 1
0.410588375849 -0.976520550727 1 1
0.25950303357 -0.977251263621 1 1
0.861753377543 -0.76882143395 1 1
0.907189801983 -0.790123537955 1 1
0.264797688184 -0.856861923401 1 1
0.965204590984 -0.969309290401 1 1
-0.0546656918925 -0.990466501973 1 1
0.427179165576 -0.915394068004 1 1
0.845917395411 -0.867253924624 1 1
-0.970518822169 -0.938801699008 1 1
0.147804505228 -0.926194104465 1 1
-0.0701278829632 -0.900861210637 1 1
0.369225792789 -0.776390438533 1 1
0.812583941309 -0.826212818579 1 1
0.291303429037 -0.869345447159 1 1
0.0858909784386 -0.973139230848 1 1
-0.14414546762 -0.842646288243 1 1
0.780351829215 -0.766659462833 1 1
0.846460232783 -0.974838318504 1 1
0.191787177871 -0.932044762532 1 1
0.416754117365 -0.729981048605 1 1
-0.725547564371 -0.990741905097 1 1
-0.0915118556203 -0.809153467157 1 1
-0.067896172768 -0.989365483401 1 1
-0.903725785329 -0.92399704653 1 1
-0.0320943835769 -0.889106630044 1 1
-0.0783299557083 -0.986948704798 1 1
0.00292586447755 -0.929943362785 1 1
0.896084418516 -0.735071793998 1 1
0.470397320181 -0.955645921875 1 1
-0.177210072145 -0.842499861004 1 1
0.213297285488 -0.795095544894 1 1
0.158163437886 -0.827027566307 1 1
0.931249038486 -0.868192206212 1 1
0.576792015476 -0.825688733011 1 1
0.347742927633 -0.875166034226 1 1
-0.593366678088 -0.998685824166 1 1
0.826867258728 -0.814640289628 1 1
0.23514888389 -0.790854923827 1 1
-0.532431851222 -0.865699855776 1 1
0.493059675289 -0.769727985141 1 1
0.890867065869 -0.94536633057 1 1
0.873298656339 -0.939430867546 1 1
0.0999989378918 -0.857246316462 1 1
0.504313178309 -0.928531981423 1 1
0.910575654422 -0.99606965092 1 1
0.128494840289 -0.825274476524 1 1
0.136591955013 -0.987683851648 1 1
-0.0787424466915 -0.968992296854 1 1
-0.28983033381 -0.98826254567 1 1
-0.098454886542 -0.977038502251 1 1
-0.637251512308 -0.956289556476 1 1
0.731114104927 -0.987167934697 1 1
0.563233208538 -0.77289342224 1 1
0.781201017907 -0.942787691204 1 1
-0.601605356845 -0.889549786854 1 1
-0.589658776266 -0.902672776837 1 1
0.983713366129 -0.948141654619 1 1
0.127571248614 -0.790769671078 1 1
0.917445460016 -0.873386769797 1 1
0.740782994149 -0.926125626944 1 1
0.647587374985 -0.99855829615 1 1
0.090482766252 -0.904268704695 1 1
0.0673880986139 -0.826926512614 1 1
0.475254389464 -0.849573690835 1 1
0.331775695901 -0.839149536012 1 1
0.342576814049 -0.788719687713 1 1
0.589603421771 -0.711988882288 1 1
0.0245679177063 -0.973517475277 1 1
-0.642865110343 -0.971545387895 1 1
-0.269354927219 -0.863834092527 1 1
0.668759652229 -0.732092411058 1 1
0.140737901034 -0.997167487443 1 1
0.586542324834 -0.767795030013 1 1
0.8087627346 -0.682157755074 1 1
0.15613764287 -0.980131918445 1 1
-0.389934339565 -0.978606898111 1 1
-0.562545945497 -0.977836385859 1 1
0.527819729838 -0.702017809369 1 1
-0.391765255353 -0.98443100375 1 1
0.458712354324 -0.927780243801 1 1
-0.0787631532408 -0.878567848373 1 1
0.0520883087547 -0.782433683219 1 1
0.673923515666 -0.813276619328 1 1
-0.0794420810838 -0.892092575076 1 1
0.724671408417 -0.893819297803 1 1
-0.485610881927 -0.856195757421 1 1
0.331587495104 -0.891620029248 1 1
0.515058644672 -0.810924744073 1 1
0.156199324334 -0.900991354041 1 1
-0.449023988976 -0.859881591782 1 1
0.307931389979 -0.865593745733 1 1
0.818506175539 -0.813836341218 1 1
9.2376120665e-05 -0.841246523234 1 1
0.279917999644 -0.774643277897 1 1
-0.728924324866 -0.907199955934 1 1
0.570162235718 -0.804741056657 1 1
0.61118964232 -0.877560821578 1 1
0.695860595917 -0.915774526891 1 1
0.249484697377 -0.91884908611 1 1
-0.315139522576 -0.924053424145 1 1
0.729003846971 -0.80183228615 1 1
0.746356742833 -0.97797048425 1 1
0.866160954173 -0.836972524756 1 1
-0.83831339479 -0.922654584273 1 1
0.606823955244 -0.851734231417 1 1
0.605125281774 -0.867022948747 1 1
0.158170136215 -0.955672751659 1 1
0.938358055165 -0.694071650607 1 1
0.342964473636 -0.796008697486 1 1
0.522632337018 -0.939282558562 1 1
0.817843033653 -0.816302969513 1 1
0.917441069807 -0.713244646108 1 1
0.626879725635 -0.925314739844 1 1
0.94073315979 -0.935529136091 1 1
0.371377572111 -0.810495180781 1 1
0.369985681804 -0.804817775198 1 1
-0.244702878502 -0.822213095306 1 1
-0.824412275764 -0.961986684797 1 1
0.727605505254 -0.698262566139 1 1
0.776440426552 -0.741853952079 1 1
0.612897196696 -0.952649918845 1 1
-0.0820946713432 -0.993441347183 1 1
