-0.812008 -0.875749 0
-0.118700 -0.316790 0
-0.612999 -0.547815 0
-0.953857 -0.264838 0
-0.868303 -0.952818 0
0.305876 -0.337884 0
-0.884725 -0.715099 0
-0.393529 -0.382948 0
0.817544 -0.475784 0
0.266134 -0.949568 0
-0.122970 0.072547 0
-0.162617 -0.266056 0
-0.983018 0.546969 0
-0.287127 -0.239310 0
-0.987827 -0.571505 0
-0.822700 -0.821882 0
-0.825373 0.080618 0
-0.134270 -0.693727 0
-0.484054 0.074423 0
-0.762210 -0.110838 0
-0.426160 -0.264443 0
0.517053 -0.886455 0
0.622508 -0.307717 0
0.153265 -0.311350 0
-0.788204 -0.339417 0
0.398469 -0.539640 0
0.290693 -0.131968 0
-0.402241 -0.511479 0
-0.479280 -0.647724 0
-0.766717 0.134114 0
-0.112928 0.135130 0
-0.508417 -0.102192 0
0.072331 0.027493 0
-0.494235 -0.879224 0
0.638031 -0.651302 0
-0.525831 -0.756694 0
-0.241584 -0.473157 0
0.547135 -0.669381 0
-0.799547 -0.046110 0
-0.942097 0.211997 0
-0.636528 -0.254572 0
-0.465075 -0.118924 0
-0.666757 0.222734 0
0.105423 -0.700757 0
-0.764566 -0.889085 0
0.496501 -0.450519 0
-0.838259 -0.087125 0
-0.947505 0.475548 0
0.715233 -0.731362 0
0.165044 -0.134151 0
-0.390243 0.339982 0
-0.467303 -0.802133 0
-0.094488 -0.465558 0
0.274642 -0.264156 0
0.747229 -0.707525 0
0.611598 -0.731844 0
0.616324 -0.788018 0
0.452445 -0.853346 0
-0.901019 -0.573416 0
-0.879145 -0.094725 0
0.068343 -0.358870 0
-0.917064 -0.179792 0
-0.123989 -0.420259 0
0.531067 -0.391114 0
-0.617054 0.432418 0
-0.512679 0.292890 0
-0.766808 -0.504923 0
0.061886 -0.993869 0
0.306922 -0.150112 0
-0.143987 0.165539 0
-0.000251 -0.273805 0
-0.515932 0.235201 0
-0.628365 0.319993 0
-0.343332 0.184899 0
-0.144302 -0.305216 0
-0.705011 0.436318 0
0.697090 -0.458492 0
-0.592661 0.368733 0
-0.646940 -0.131508 0
-0.972089 0.508132 0
0.258888 -0.262101 0
-0.458831 -0.449029 0
-0.372195 -0.272385 0
-0.261283 0.100966 0
-0.674159 -0.759801 0
-0.947826 0.151327 0
-0.209844 -0.723912 0
0.332147 -0.349714 0
-0.690237 0.049529 0
-0.390061 -0.543932 0
-0.581504 0.041640 0
0.125722 -0.653194 0
-0.946933 -0.021968 0
-0.398088 -0.132202 0
-0.673935 0.330633 0
-0.920282 0.427723 0
-0.927801 -0.719943 0
0.049181 -0.092930 0
0.774510 -0.712010 0
0.316009 -0.773291 0
-0.495041 0.179082 0
-0.146034 -0.429629 0
0.693915 -0.391542 0
-0.794883 -0.711869 0
-0.391961 -0.296165 0
-0.727934 0.174218 0
0.003991 -0.901973 0
-0.958025 -0.656503 0
0.834866 -0.893871 0
0.281623 -0.321593 0
0.719646 -0.630763 0
0.471622 -0.711249 0
0.457858 -0.667876 0
0.511495 -0.306220 0
-0.868319 -0.836600 0
-0.721434 -0.444523 0
-0.418316 -0.012504 0
0.050549 -0.174861 0
-0.360081 -0.234284 0
-0.353466 -0.341749 0
-0.100721 -0.735854 0
-0.217419 -0.650492 0
-0.016609 -0.322314 0
0.889347 -0.801792 0
-0.426977 0.261781 0
-0.839018 0.157432 0
-0.700779 -0.660522 0
0.807064 -0.917629 0
-0.525333 -0.598872 0
-0.810003 -0.392174 0
0.136724 -0.770282 0
0.409170 -0.715626 0
-0.035689 0.080124 0
-0.653854 0.095800 0
-0.303988 -0.663041 0
-0.975381 0.040247 0
-0.440347 -0.197556 0
-0.585432 -0.156374 0
-0.157987 -0.254658 0
-0.787435 -0.530573 0
0.383633 -0.383980 0
-0.375058 -0.827544 0
-0.537875 0.226560 0
-0.513860 -0.181341 0
-0.954195 -0.912640 0
0.380135 -0.912754 0
0.013884 -0.822730 0
-0.868680 0.560929 0
-0.413564 -0.319065 0
-0.724043 0.312632 0
-0.638585 -0.389790 0
-0.970889 -0.401943 0
-0.916334 -0.458514 0
0.083495 -0.427338 0
-0.354805 -0.384502 0
0.501639 -0.636600 0
-0.852334 0.582412 0
-0.155952 -0.047060 0
-0.826870 -0.239986 0
-0.068472 -0.734850 0
-0.488151 -0.999461 0
-0.709680 0.123595 0
-0.951085 0.424044 0
-0.886129 0.337688 0
0.766241 -0.957325 0
0.755354 -0.512170 0
-0.047390 -0.019261 0
0.188424 -0.119606 0
-0.414322 0.125354 0
-0.449364 0.225832 0
-0.982486 0.464816 0
0.221442 -0.347853 0
-0.871383 0.560543 0
-0.441776 -0.418445 0
-0.850935 -0.736466 0
0.747888 -0.955667 0
-0.367341 0.125087 0
0.371953 -0.210951 0
-0.862229 0.350151 0
-0.289545 -0.113186 0
-0.100909 -0.985135 0
-0.827599 0.501849 0
0.020966 -0.376125 0
-0.136304 -0.116252 0
0.558403 -0.644418 0
0.772592 -0.945980 0
-0.989848 0.598146 0
-0.707325 -0.968115 0
-0.548617 -0.463435 0
-0.772309 0.264018 0
-0.737219 -0.446175 0
-0.404065 -0.288662 0
-0.453753 -0.949141 0
0.815976 -0.483098 0
-0.331606 -0.734308 0
0.604854 -0.666204 0
-0.423633 -0.629686 0
-0.255182 -0.349013 0
-0.492920 0.261255 0
0.175074 -0.638357 0
0.687233 -0.495265 0
-0.753012 0.539633 0
-0.795191 -0.108033 0
-0.111484 -0.285469 0
-0.230581 -0.733773 0
-0.934140 -0.114013 0
0.561760 -0.447446 0
-0.646570 0.397676 0
0.128422 -0.756884 0
-0.667841 -0.139579 0
0.361805 -0.482897 0
-0.319466 -0.016039 0
0.396941 -0.300587 0
-0.789518 -0.440137 0
-0.665316 0.110605 0
-0.751433 0.404157 0
0.661563 -0.925263 0
-0.656970 -0.014621 0
-0.456920 -0.151808 0
-0.891473 0.314579 0
-0.395155 -0.561311 0
0.233997 -0.518340 0
0.440541 -0.850808 0
-0.620973 -0.878551 0
-0.934800 -0.402910 0
-0.096466 -0.371689 0
-0.669578 0.196967 0
-0.948846 -0.003290 0
0.990323 -0.791581 0
-0.833734 -0.481199 0
-0.085076 0.074897 0
-0.580538 -0.062835 0
-0.869215 -0.784946 0
-0.101774 -0.833641 0
0.207088 -0.727027 0
0.489525 -0.938249 0
-0.841716 -0.687671 0
-0.197507 -0.304805 0
0.237550 -0.075267 0
-0.126518 -0.580075 0
0.311961 -0.421058 0
-0.615146 0.273252 0
-0.735805 0.270360 0
0.167121 -0.136910 0
-0.502914 0.349876 0
-0.494077 -0.319402 0
0.675741 -0.580831 0
-0.993275 0.510808 0
-0.536117 -0.869957 0
-0.304981 0.001057 0
-0.625749 -0.381386 0
-0.480301 -0.779524 0
-0.567070 0.420918 0
0.166851 -0.467183 0
-0.856732 -0.626008 0
-0.008943 -0.351415 0
0.533272 -0.438791 0
-0.314509 -0.746697 0
0.490459 -0.950400 0
-0.659098 0.029922 0
-0.454098 -0.355984 0
-0.872569 -0.749671 0
0.689602 -0.873693 0
-0.872394 -0.195145 0
0.040905 -0.872380 0
-0.757916 -0.205622 0
-0.288118 -0.122834 0
-0.412152 -0.143744 0
-0.832056 0.042849 0
-0.493414 -0.149368 0
-0.970511 -0.015385 0
0.410646 -0.566756 0
-0.831820 0.124494 0
-0.532506 -0.471606 0
0.829261 -0.744981 0
-0.038803 -0.583816 0
-0.730440 -0.669047 0
-0.956147 -0.771005 0
-0.991544 0.404406 0
0.450241 -0.881313 0
-0.453570 -0.664625 0
-0.238710 -0.931044 0
0.290287 -0.684981 0
0.344086 -0.915736 0
0.294091 -0.988873 0
-0.137587 -0.603232 0
-0.809388 0.508738 0
-0.572487 -0.056085 0
-0.907721 -0.193306 0
0.526497 -0.676908 0
-0.000826 0.051229 0
-0.210908 -0.013543 0
-0.487932 -0.269890 0
-0.908154 0.640893 0
-0.716741 -0.996542 0
0.222017 -0.989449 0
-0.827691 -0.194841 0
0.149173 -0.811164 0
0.851653 -0.974372 0
-0.302405 -0.271480 0
-0.892571 -0.108067 0
-0.090463 -0.287224 0
-0.450156 0.038700 0
-0.796705 0.259289 0
-0.223267 -0.539080 0
-0.709733 0.411440 0
-0.692342 0.489722 0
-0.589779 0.091500 0
0.138153 -0.016695 0
0.411899 -0.918569 0
0.394119 -0.716841 0
-0.169971 -0.148987 0
-0.626122 -0.764864 0
-0.791921 0.243034 0
0.667318 -0.392464 0
-0.505955 0.397534 0
-0.167126 0.005386 0
-0.254906 -0.219123 0
-0.363951 -0.692494 0
-0.789348 -0.413807 0
-0.270203 -0.449326 0
-0.680515 -0.665935 0
0.554724 -0.750935 0
-0.322012 0.122976 0
-0.937512 -0.608520 0
0.271141 -0.965808 0
-0.667578 -0.913696 0
0.198115 -0.153657 0
-0.977966 -0.284605 0
0.110663 -0.258854 0
-0.812874 -0.312303 0
0.862312 -0.994020 0
-0.006364 -0.302682 0
0.628447 -0.551284 0
-0.129166 -0.416420 0
0.971289 -0.897293 0
-0.980119 -0.864309 0
-0.905925 -0.944012 0
0.631605 -0.718064 0
-0.625364 -0.318819 0
-0.138845 -0.752386 0
0.755378 -0.789069 0
0.510547 -0.430759 0
-0.702429 0.427645 0
-0.100418 0.028889 0
0.176764 -0.411736 0
0.736432 -0.844031 0
-0.977843 0.017973 0
0.440753 -0.192968 0
-0.959043 0.680599 0
-0.313333 -0.817576 0
-0.603764 0.132450 0
-0.292596 0.009183 0
-0.119637 0.043589 0
0.746265 -0.847012 0
0.636927 -0.495898 0
-0.610867 0.291939 0
-0.230350 -0.009592 0
0.760496 -0.491311 0
-0.782949 -0.702485 0
0.155745 -0.627234 0
-0.756418 -0.541255 0
-0.792527 -0.698121 0
-0.714769 -0.580906 0
0.923349 -0.877299 0
-0.394677 -0.158938 0
-0.472543 -0.600562 0
0.479879 -0.220319 0
-0.926102 -0.730153 0
0.381777 -0.428703 0
0.373808 -0.549328 0
0.520768 -0.770428 0
0.070918 -0.025871 0
0.044815 -0.910614 0
-0.024322 -0.082387 0
-0.637845 -0.018102 0
-0.985983 0.315080 0
0.217483 -0.225823 0
-0.037695 0.119963 0
-0.384553 -0.175986 0
-0.619681 0.400213 0
0.274468 -0.326981 0
-0.780198 -0.368819 0
-0.996113 -0.108058 0
-0.805532 0.358801 0
0.548824 -0.992726 0
-0.667689 -0.281771 0
-0.068774 -0.833752 0
-0.616144 0.357328 0
-0.607667 -0.389300 0
0.393132 -0.444888 0
-0.844684 0.239180 0
-0.123895 -0.056184 0
-0.239802 -0.166213 0
-0.251587 -0.136141 0
-0.764323 0.038904 0
-0.486653 0.215411 0
-0.112713 -0.159610 0
0.276758 -0.533905 0
-0.112684 -0.292369 0
-0.317062 -0.521963 0
-0.534225 -0.739298 0
-0.531408 -0.198699 0
0.876308 -0.556821 0
0.103654 -0.203284 0
-0.308817 -0.821260 0
-0.653880 -0.161390 0
-0.800859 0.027254 0
-0.505409 -0.578970 0
-0.777452 -0.718267 0
-0.830469 -0.110524 0
0.928141 -0.527845 0
-0.878887 -0.941936 0
-0.093780 -0.906877 0
-0.605140 -0.251890 0
0.432724 -0.644586 0
-0.932262 -0.432921 0
-0.437919 0.121920 0
0.042013 -0.550744 0
-0.288755 -0.624321 0
-0.594636 -0.168924 0
0.441044 -0.539035 0
0.345903 -0.158171 0
-0.697753 -0.385632 0
0.547410 -0.669219 0
-0.569040 0.263549 0
0.454695 -0.843840 0
0.508229 -0.295029 0
-0.287083 -0.508822 0
-0.682708 -0.340978 0
-0.528025 -0.521056 0
0.980565 -0.785654 0
0.343772 -0.475865 0
-0.082809 -0.458933 0
0.022496 -0.817782 0
-0.481809 0.113949 0
-0.908552 -0.705272 0
-0.921045 -0.055614 0
-0.246734 -0.305665 0
-0.973747 -0.716155 0
-0.910103 -0.692833 0
-0.488095 -0.275628 0
-0.182813 -0.542554 0
-0.653851 0.145557 0
-0.248379 -0.487891 0
-0.095834 0.147778 0
-0.901371 -0.139720 0
-0.340160 0.023697 0
-0.163418 -0.395989 0
-0.781920 -0.120028 0
-0.362317 -0.088179 0
-0.836054 -0.481635 0
0.770539 -0.529189 0
0.647945 -0.949497 0
-0.028223 -0.314517 0
0.946143 -0.880222 0
-0.848584 -0.223157 0
0.013500 -0.433109 0
0.564957 -0.999976 0
-0.481075 -0.339344 0
-0.749385 -0.237847 0
-0.608133 -0.646191 0
-0.530172 -0.523402 0
-0.735064 0.443759 0
-0.818453 -0.813863 0
-0.626477 0.295797 0
-0.345330 -0.966235 0
-0.119175 0.049273 0
-0.418187 -0.021920 0
-0.636744 -0.655458 0
0.766654 -0.847987 0
-0.012994 -0.322757 0
-0.768676 -0.176311 0
0.205862 -0.910220 0
0.181186 -0.703236 0
0.205855 -0.495707 0
-0.870327 -0.649545 0
-0.154838 -0.575732 0
-0.846532 0.253117 0
0.793717 -0.584936 0
0.337753 -0.757409 0
-0.991550 -0.737846 0
-0.633524 0.313865 0
-0.544222 -0.235118 0
0.431437 -0.548078 0
-0.313252 -0.293158 0
-0.745493 -0.776050 0
0.723867 -0.838629 0
0.245399 -0.402789 0
0.731450 -0.634471 0
-0.016235 -0.735978 0
-0.936683 0.506777 0
-0.361366 -0.684080 0
-0.572755 -0.397388 0
0.155147 -0.931964 0
0.709522 -0.650778 0
-0.870555 0.619345 0
-0.067063 -0.433322 0
-0.018658 -0.063928 0
-0.518141 -0.527948 0
0.369403 -0.656300 0
-0.844390 -0.150603 0
-0.596537 -0.067696 0
0.216086 -0.811784 0
-0.240281 -0.051687 0
-0.575201 0.154689 0
-0.008219 -0.213442 0
-0.676021 -0.114700 0
-0.305763 -0.593210 0
-0.415461 -0.002384 0
-0.516917 -0.784004 0
-0.127976 0.079239 0
-0.730354 -0.505571 0
-0.938084 -0.206178 0
0.377212 -0.687954 0
-0.760922 -0.615247 0
-0.467607 -0.900439 0
-0.752258 0.325598 0
0.312514 -0.547773 0
-0.273750 -0.123126 0
0.093294 -0.364699 0
0.813628 -0.751391 0
-0.125585 -0.000165 0
0.685847 -0.457074 0
-0.320780 -0.709760 0
0.272440 -0.120201 0
0.418351 -0.763391 0
-0.996228 0.203798 0
0.536104 -0.675569 0
-0.790263 -0.088050 0
-0.715321 -0.135616 0
-0.766567 -0.707507 0
0.376618 -0.714054 0
-0.128085 -0.615517 0
0.308498 -0.341331 0
0.585900 -0.799438 0
-0.204455 0.091463 0
-0.096906 -0.468179 0
0.233699 -0.421696 0
0.492822 -0.364630 0
-0.435739 -0.252912 0
0.366169 -0.866647 0
-0.668489 -0.650488 0
