0.996308 0.101540 1
0.336515 0.438743 1
-0.601273 0.617503 1
-0.138784 0.892420 1
-0.067294 0.742259 1
-0.505271 0.887807 1
0.525935 0.939646 1
-0.252470 0.516833 1
-0.952962 0.879798 1
-0.149511 0.667551 1
-0.186859 0.786445 1
0.735244 0.842656 1
0.361432 -0.034187 1
0.365612 0.282684 1
0.863207 0.667531 1
0.707182 -0.172415 1
0.587080 0.915805 1
0.279808 -0.002451 1
0.545935 0.103432 1
0.527768 -0.073348 1
0.885146 -0.442327 1
0.736709 0.206600 1
0.370185 -0.086859 1
0.806086 -0.359628 1
0.890718 0.052425 1
-0.166509 0.914252 1
0.155399 0.938237 1
0.561851 0.436403 1
0.473241 0.592724 1
0.920333 0.769378 1
0.534283 0.871131 1
-0.267634 0.925342 1
0.933664 0.836607 1
0.147113 0.537366 1
-0.435347 0.717505 1
0.003102 0.837161 1
0.080083 0.120274 1
-0.041880 0.837414 1
0.862031 0.001811 1
0.469625 0.204499 1
0.105724 0.436374 1
-0.074909 0.888161 1
-0.101832 0.174357 1
0.942446 -0.079399 1
-0.354856 0.625718 1
0.996478 0.611817 1
-0.133558 0.761606 1
-0.287041 0.581269 1
0.374134 0.623906 1
0.966932 -0.058460 1
-0.728805 0.638223 1
0.333321 0.758222 1
0.254101 0.728087 1
0.278611 0.944015 1
-0.301394 0.467123 1
-0.377176 0.889951 1
-0.113080 0.865837 1
0.406523 0.169429 1
-0.177632 0.616030 1
0.212791 0.604106 1
-0.361208 0.703644 1
-0.176719 0.242550 1
0.224297 -0.030338 1
-0.954496 0.915388 1
0.021525 0.972987 1
0.881079 0.701771 1
0.134508 0.126110 1
0.305481 0.934551 1
0.596277 -0.067764 1
-0.284781 0.856928 1
0.972752 0.772412 1
0.581122 0.592278 1
0.054197 0.873151 1
0.095587 0.552410 1
0.575816 0.201633 1
0.535265 0.160922 1
0.989683 0.845317 1
-0.332929 0.907265 1
0.452441 0.110102 1
-0.133559 0.766889 1
-0.147949 0.870016 1
0.618055 0.777763 1
0.369313 0.934639 1
0.182973 0.443397 1
-0.109185 0.943400 1
0.759896 -0.235475 1
0.842423 0.551526 1
0.978090 -0.300173 1
0.516198 0.063622 1
-0.582309 0.668008 1
0.815792 0.748076 1
-0.366531 0.672803 1
-0.234742 0.301051 1
0.920016 0.497007 1
-0.794372 0.921655 1
0.507431 0.398928 1
0.647998 0.203616 1
-0.293659 0.572360 1
0.346583 -0.065760 1
0.049293 0.522734 1
0.942865 0.762276 1
0.645197 0.231451 1
-0.824546 0.966642 1
0.049688 0.788556 1
-0.855915 0.770307 1
0.583972 0.372854 1
0.544825 -0.003680 1
0.064268 0.235185 1
0.824777 0.157743 1
0.530013 -0.028807 1
-0.232964 0.483526 1
0.026766 0.214723 1
0.283503 0.251083 1
-0.648167 0.680001 1
0.937603 -0.412767 1
0.891363 0.945090 1
-0.445678 0.668535 1
0.550319 0.274464 1
0.060196 0.997362 1
0.666916 0.959698 1
0.810339 -0.228970 1
-0.202164 0.890061 1
-0.351532 0.610517 1
0.824078 0.067466 1
-0.076685 0.388455 1
0.047311 0.667748 1
0.566923 -0.146610 1
0.413048 0.796806 1
-0.095631 0.592422 1
-0.105665 0.241195 1
0.598175 0.858189 1
-0.366053 0.703679 1
0.368764 0.632876 1
0.655046 0.657352 1
-0.897262 0.901678 1
0.117881 0.625266 1
-0.707604 0.786264 1
0.975881 0.005291 1
0.162322 0.292207 1
0.382202 -0.049150 1
0.911910 0.324050 1
0.839731 0.229912 1
0.669683 -0.061975 1
-0.835287 0.827302 1
0.884475 0.082854 1
0.107577 0.725304 1
0.973472 0.840511 1
0.328245 0.089318 1
0.570712 0.116877 1
0.513741 -0.100942 1
0.543385 -0.038704 1
0.461211 0.355411 1
-0.134407 0.836008 1
0.423036 0.019823 1
0.898493 0.150791 1
0.026061 0.830098 1
-0.600962 0.974278 1
0.577528 -0.192537 1
0.841861 0.078720 1
0.400859 0.644338 1
0.836131 -0.131204 1
0.910783 0.481761 1
0.735556 -0.351702 1
0.643821 0.349339 1
0.863104 0.383766 1
-0.495980 0.957193 1
0.369079 0.277156 1
0.150913 0.136048 1
0.112081 0.090746 1
-0.142804 0.343232 1
0.641061 -0.116077 1
0.409011 0.249978 1
-0.802844 0.816095 1
0.425971 0.013737 1
0.899524 0.010121 1
-0.665813 0.905681 1
0.321708 0.441654 1
-0.348839 0.812537 1
0.418452 0.284193 1
0.189826 0.261595 1
-0.277571 0.477403 1
0.676405 0.792209 1
0.978968 -0.232187 1
0.271380 0.051228 1
0.252800 0.094313 1
0.490723 0.197787 1
0.763915 0.909071 1
-0.061642 0.661020 1
-0.785291 0.782315 1
-0.678509 0.911797 1
-0.552694 0.767739 1
0.648531 0.986061 1
0.002655 0.209203 1
0.276415 0.061879 1
0.982709 0.678109 1
-0.169001 0.797865 1
-0.241424 0.764097 1
-0.897415 0.751200 1
0.913976 0.795078 1
0.746124 -0.050724 1
0.599080 -0.266116 1
0.398628 0.297267 1
-0.357717 0.447942 1
0.196890 0.883536 1
-0.341617 0.512068 1
-0.461014 0.743455 1
-0.198522 0.229467 1
-0.410103 0.931278 1
-0.031641 0.987650 1
-0.751645 0.594145 1
-0.249147 0.963138 1
0.049895 0.809090 1
-0.198117 0.223320 1
0.968745 -0.022453 1
0.025135 0.796521 1
0.069941 0.259841 1
0.963653 -0.179231 1
-0.335387 0.361090 1
0.739521 0.369927 1
0.680685 -0.163767 1
0.219551 0.333303 1
0.758729 -0.326433 1
0.975947 0.615745 1
0.723578 -0.205286 1
-0.268225 0.307477 1
-0.531013 0.824391 1
0.622598 0.637771 1
-0.655418 0.603713 1
-0.378168 0.902879 1
0.851250 -0.155745 1
-0.311253 0.726850 1
-0.398064 0.917905 1
-0.292608 0.831994 1
0.697512 0.245197 1
0.565540 0.215900 1
-0.415158 0.604684 1
0.823068 -0.010897 1
0.984162 -0.373635 1
-0.798903 0.865868 1
-0.679026 0.944151 1
0.073365 0.747433 1
0.932918 0.599304 1
-0.315398 0.558628 1
0.919388 0.314280 1
-0.025361 0.402678 1
0.748244 0.567604 1
0.609955 0.843405 1
-0.170365 0.945498 1
0.281007 0.838606 1
-0.046377 0.441144 1
0.211719 0.903920 1
0.624154 0.886164 1
-0.241295 0.262581 1
-0.139448 0.399594 1
-0.586405 0.906111 1
0.904912 0.936959 1
-0.928737 0.891197 1
0.710214 0.069349 1
0.166778 0.100365 1
0.255765 0.155987 1
-0.418800 0.699317 1
-0.545836 0.702570 1
-0.402531 0.806168 1
0.833691 -0.211777 1
0.720917 0.566498 1
0.682014 -0.045112 1
0.192177 0.466675 1
0.837540 -0.136377 1
-0.123371 0.501088 1
0.455500 0.591420 1
0.072626 0.527357 1
0.938244 -0.238300 1
0.024575 0.306605 1
0.559902 0.947185 1
0.755027 0.125242 1
-0.816417 0.666618 1
0.102376 0.688910 1
0.709047 0.784413 1
-0.194315 0.471004 1
0.230987 0.009260 1
-0.402106 0.451202 1
0.143705 0.719306 1
0.157351 0.445707 1
0.989127 0.956067 1
0.796728 0.418886 1
0.742350 0.104973 1
0.502721 0.769235 1
0.085990 0.547640 1
0.063997 0.897309 1
-0.254794 0.933112 1
-0.179863 0.281540 1
0.710650 0.147053 1
0.974128 0.665646 1
-0.026563 0.299203 1
0.231164 0.460810 1
0.740379 0.455137 1
0.560569 0.059745 1
0.486314 0.958297 1
0.925209 0.984171 1
0.624633 -0.074786 1
0.134951 0.907438 1
-0.823132 0.948093 1
0.051817 0.834369 1
0.758789 0.494502 1
0.079818 0.472105 1
0.234855 0.356054 1
-0.196145 0.606976 1
0.726424 0.910128 1
-0.211796 0.926858 1
0.731430 -0.347661 1
0.189482 0.881916 1
0.135879 0.497708 1
0.246276 0.014389 1
0.459946 -0.024853 1
-0.664200 0.659237 1
0.836906 -0.288391 1
-0.528831 0.577932 1
0.996858 0.925885 1
0.306682 0.085179 1
0.722065 0.209985 1
-0.043032 0.835884 1
-0.241394 0.527864 1
0.556554 0.438752 1
-0.445010 0.586226 1
0.775853 0.394974 1
0.676824 0.002929 1
0.981345 -0.193209 1
-0.250005 0.755982 1
0.264833 0.974858 1
0.715338 0.036858 1
0.523137 -0.079545 1
0.708458 0.456056 1
0.806725 0.733870 1
0.616277 0.475032 1
-0.680047 0.528986 1
0.189414 0.479943 1
-0.253255 0.389420 1
0.331206 0.904172 1
-0.878384 0.730276 1
0.740089 0.459431 1
0.025282 0.311874 1
-0.019116 0.287589 1
0.744184 -0.145539 1
0.411701 0.377300 1
0.766837 0.649782 1
-0.420483 0.386226 1
0.507322 0.310008 1
0.831434 -0.109275 1
0.941909 0.601501 1
0.996881 0.302820 1
0.324294 0.581633 1
0.864628 0.180385 1
0.441560 0.313101 1
0.482818 0.658464 1
0.697452 -0.050011 1
0.054273 0.693709 1
-0.228215 0.941788 1
0.968216 0.495042 1
0.794205 -0.044280 1
-0.347627 0.397127 1
0.491596 0.614292 1
0.012877 0.553088 1
0.458062 0.837717 1
0.054200 0.700965 1
0.932647 0.104711 1
0.306581 0.617040 1
-0.114458 0.576996 1
-0.183835 0.836101 1
0.777641 0.792837 1
-0.048468 0.144065 1
0.357510 0.202554 1
0.058239 0.156288 1
0.795249 0.988223 1
0.996638 -0.428593 1
0.663560 -0.118822 1
-0.714629 0.758775 1
0.987609 -0.410306 1
0.750960 -0.121574 1
0.453453 -0.185687 1
0.817439 0.404706 1
0.733262 0.566968 1
0.767595 0.423144 1
0.704503 0.829964 1
0.714120 0.495909 1
-0.173399 0.936791 1
-0.849127 0.888516 1
0.838432 0.498518 1
0.570002 0.479697 1
0.882539 0.195311 1
-0.273384 0.609198 1
0.350884 0.609807 1
-0.965484 0.966646 1
0.462620 0.044673 1
-0.483874 0.647186 1
0.991435 -0.417020 1
0.031432 0.136488 1
0.482377 0.859446 1
0.505238 0.212369 1
0.935547 -0.037797 1
0.821800 0.428833 1
0.895909 0.340388 1
0.995779 0.736788 1
0.053269 0.230601 1
0.358506 0.104648 1
0.894915 0.641155 1
0.899533 0.542391 1
-0.360236 0.556365 1
-0.790395 0.824138 1
0.461711 -0.003299 1
0.991178 0.617203 1
0.639682 -0.268465 1
0.873026 0.436133 1
0.318482 -0.035306 1
0.074731 0.747418 1
0.091798 0.273094 1
0.938207 0.952899 1
0.471572 0.341608 1
0.535900 -0.028612 1
-0.240600 0.637937 1
0.284686 0.066180 1
0.007025 0.991432 1
0.137045 0.237531 1
0.118321 0.101994 1
-0.320749 0.341635 1
0.227790 0.994063 1
0.795083 0.379205 1
0.732926 0.357477 1
0.831414 0.506300 1
-0.841235 0.911336 1
0.805789 0.595901 1
0.971432 0.962601 1
0.629168 0.881316 1
-0.195939 0.728864 1
0.540268 -0.082954 1
0.030184 0.766079 1
0.292439 -0.062404 1
0.288954 0.430781 1
0.704191 0.342231 1
0.631513 0.225616 1
-0.168416 0.231808 1
0.452296 0.246393 1
-0.662911 0.896327 1
0.206345 0.097150 1
-0.334791 0.513832 1
0.650207 0.784996 1
-0.657115 0.799217 1
0.985217 -0.306243 1
0.797159 0.659442 1
0.072982 0.250796 1
0.782001 0.714782 1
-0.751757 0.848379 1
0.083344 0.197778 1
0.747135 0.725448 1
0.312883 0.507254 1
0.360141 0.582820 1
0.909319 0.032673 1
-0.706279 0.684351 1
